X - .MC:V	Y - .MC:V	
-0.94933	-19.37	
-0.94933	-12.5	
-0.94797	-13.12	
-0.94797	-21.25	
-0.94662	-19.37	
-0.94662	-13.12	
-0.94527	-12.5	
-0.94527	-20	
-0.94391	-19.37	
-0.94391	-12.5	
-0.94255	-11.87	
-0.94255	-19.37	
-0.9412	-21.25	
-0.9412	-10.62	
-0.93985	-11.87	
-0.93985	-19.37	
-0.9385	-21.87	
-0.9385	-11.87	
-0.93714	-13.75	
-0.93714	-19.37	
-0.93578	-19.37	
-0.93578	-12.5	
-0.93443	-11.87	
-0.93443	-20.62	
-0.93308	-19.37	
-0.93308	-12.5	
-0.93172	-9.373	
-0.93172	-19.37	
-0.93037	-18.75	
-0.93037	-11.87	
-0.92901	-13.75	
-0.92901	-18.75	
-0.92766	-16.87	
-0.92766	-12.5	
-0.9263	-12.5	
-0.9263	-18.75	
-0.92495	-21.87	
-0.92495	-13.12	
-0.92359	-13.12	
-0.92359	-19.37	
-0.92224	-20	
-0.92224	-9.998	
-0.92089	-11.25	
-0.92089	-20.62	
-0.91954	-19.37	
-0.91954	-13.12	
-0.91818	-12.5	
-0.91818	-18.75	
-0.91682	-21.87	
-0.91682	-11.87	
-0.91547	-12.5	
-0.91547	-20	
-0.91411	-21.87	
-0.91411	-13.12	
-0.91276	-12.5	
-0.91276	-18.75	
-0.91141	-21.25	
-0.91141	-10.62	
-0.91005	-11.87	
-0.91005	-20	
-0.9087	-20.62	
-0.9087	-12.5	
-0.90734	-12.5	
-0.90734	-18.75	
-0.90599	-20	
-0.90599	-12.5	
-0.90463	-9.373	
-0.90463	-18.75	
-0.90328	-19.37	
-0.90328	-12.5	
-0.90193	-12.5	
-0.90193	-18.75	
-0.90058	-21.87	
-0.90058	-11.87	
-0.89922	-11.87	
-0.89922	-19.37	
-0.89786	-19.37	
-0.89786	-12.5	
-0.89651	-12.5	
-0.89651	-19.37	
-0.89516	-19.37	
-0.89516	-13.12	
-0.8938	-11.25	
-0.8938	-21.87	
-0.89245	-20.62	
-0.89245	-11.87	
-0.89109	-11.87	
-0.89109	-19.37	
-0.88974	-18.75	
-0.88974	-13.12	
-0.88838	-13.75	
-0.88838	-21.25	
-0.88703	-19.37	
-0.88703	-12.5	
-0.88567	-12.5	
-0.88567	-20	
-0.88432	-20	
-0.88432	-12.5	
-0.88297	-11.87	
-0.88297	-19.37	
-0.88162	-21.87	
-0.88162	-10.62	
-0.88026	-13.12	
-0.88026	-22.5	
-0.8789	-18.75	
-0.8789	-12.5	
-0.87755	-12.5	
-0.87755	-21.87	
-0.87619	-20	
-0.87619	-10.62	
-0.87484	-11.87	
-0.87484	-19.37	
-0.87349	-20	
-0.87349	-11.25	
-0.87214	-9.998	
-0.87214	-19.37	
-0.87078	-20.62	
-0.87078	-11.87	
-0.86942	-12.5	
-0.86942	-20	
-0.86807	-18.75	
-0.86807	-12.5	
-0.86672	-12.5	
-0.86672	-18.75	
-0.86536	-20.62	
-0.86536	-13.12	
-0.86401	-10.62	
-0.86401	-18.75	
-0.86265	-18.12	
-0.86265	-13.12	
-0.8613	-10.62	
-0.8613	-19.37	
-0.85994	-21.25	
-0.85994	-11.87	
-0.85859	-11.25	
-0.85859	-20	
-0.85723	-21.87	
-0.85723	-12.5	
-0.85588	-11.87	
-0.85588	-19.37	
-0.85453	-20	
-0.85453	-11.87	
-0.85318	-11.25	
-0.85318	-19.37	
-0.85182	-19.37	
-0.85182	-11.25	
-0.85046	-12.5	
-0.85046	-20	
-0.84911	-21.25	
-0.84911	-12.5	
-0.84775	-12.5	
-0.84775	-21.87	
-0.8464	-18.75	
-0.8464	-12.5	
-0.84505	-11.25	
-0.84505	-19.37	
-0.8437	-20	
-0.8437	-13.75	
-0.84234	-11.87	
-0.84234	-21.25	
-0.84098	-19.37	
-0.84098	-11.25	
-0.83963	-12.5	
-0.83963	-19.37	
-0.83828	-19.37	
-0.83828	-11.87	
-0.83692	-12.5	
-0.83692	-19.37	
-0.83557	-19.37	
-0.83557	-13.12	
-0.83421	-11.25	
-0.83421	-20	
-0.83286	-21.87	
-0.83286	-12.5	
-0.83151	-11.87	
-0.83151	-20	
-0.83015	-18.75	
-0.83015	-11.25	
-0.82879	-11.25	
-0.82879	-21.25	
-0.82744	-18.75	
-0.82744	-13.75	
-0.82608	-12.5	
-0.82608	-20	
-0.82473	-19.37	
-0.82473	-13.12	
-0.82338	-11.87	
-0.82338	-18.75	
-0.82203	-20	
-0.82203	-12.5	
-0.82067	-10.62	
-0.82067	-21.25	
-0.81931	-18.75	
-0.81931	-11.87	
-0.81796	-11.87	
-0.81796	-18.75	
-0.81661	-21.25	
-0.81661	-11.87	
-0.81525	-11.25	
-0.81525	-19.37	
-0.8139	-20	
-0.8139	-13.12	
-0.81254	-12.5	
-0.81254	-20	
-0.81119	-21.87	
-0.81119	-12.5	
-0.80983	-12.5	
-0.80983	-19.37	
-0.80848	-18.75	
-0.80848	-11.87	
-0.80713	-12.5	
-0.80713	-20	
-0.80577	-19.37	
-0.80577	-11.25	
-0.80442	-11.25	
-0.80442	-22.5	
-0.80306	-19.37	
-0.80306	-12.5	
-0.80171	-12.5	
-0.80171	-19.37	
-0.80036	-18.75	
-0.80036	-11.87	
-0.799	-11.87	
-0.799	-21.25	
-0.79765	-18.75	
-0.79765	-12.5	
-0.79629	-11.25	
-0.79629	-19.37	
-0.79494	-20.62	
-0.79494	-11.87	
-0.79359	-11.25	
-0.79359	-18.75	
-0.79223	-19.37	
-0.79223	-11.25	
-0.79087	-9.998	
-0.79087	-20	
-0.78952	-20	
-0.78952	-14.37	
-0.78817	-11.87	
-0.78817	-18.75	
-0.78681	-19.37	
-0.78681	-11.87	
-0.78546	-12.5	
-0.78546	-19.37	
-0.7841	-19.37	
-0.7841	-11.87	
-0.78275	-13.12	
-0.78275	-18.75	
-0.78139	-21.25	
-0.78139	-11.25	
-0.78004	-13.75	
-0.78004	-19.37	
-0.77869	-20.62	
-0.77869	-12.5	
-0.77733	-13.75	
-0.77733	-19.37	
-0.77598	-20	
-0.77598	-13.12	
-0.77462	-11.87	
-0.77462	-19.37	
-0.77327	-20	
-0.77327	-11.25	
-0.77191	-12.5	
-0.77191	-19.37	
-0.77056	-20	
-0.77056	-11.87	
-0.76921	-13.75	
-0.76921	-19.37	
-0.76785	-19.37	
-0.76785	-12.5	
-0.7665	-12.5	
-0.7665	-19.37	
-0.76515	-22.5	
-0.76515	-11.87	
-0.76379	-11.87	
-0.76379	-20	
-0.76243	-18.75	
-0.76243	-12.5	
-0.76108	-11.87	
-0.76108	-20	
-0.75973	-19.37	
-0.75973	-11.87	
-0.75837	-13.12	
-0.75837	-20.62	
-0.75702	-18.75	
-0.75702	-11.87	
-0.75567	-11.87	
-0.75567	-19.37	
-0.75431	-19.37	
-0.75431	-12.5	
-0.75295	-13.75	
-0.75295	-20	
-0.7516	-20.62	
-0.7516	-11.87	
-0.75025	-12.5	
-0.75025	-19.37	
-0.74889	-18.12	
-0.74889	-10.62	
-0.74754	-12.5	
-0.74754	-19.37	
-0.74618	-19.37	
-0.74618	-10.62	
-0.74483	-11.25	
-0.74483	-20	
-0.74348	-21.87	
-0.74348	-8.747	
-0.74212	-11.25	
-0.74212	-18.75	
-0.74077	-21.87	
-0.74077	-11.87	
-0.73941	-13.75	
-0.73941	-19.37	
-0.73806	-21.87	
-0.73806	-12.5	
-0.7367	-12.5	
-0.7367	-20	
-0.73535	-20.62	
-0.73535	-11.87	
-0.73399	-12.5	
-0.73399	-21.87	
-0.73264	-18.75	
-0.73264	-11.87	
-0.73129	-12.5	
-0.73129	-21.87	
-0.72993	-20.62	
-0.72993	-11.87	
-0.72858	-13.75	
-0.72858	-19.37	
-0.72722	-21.25	
-0.72722	-12.5	
-0.72587	-12.5	
-0.72587	-21.87	
-0.72451	-19.37	
-0.72451	-13.12	
-0.72316	-9.998	
-0.72316	-19.37	
-0.72181	-20.62	
-0.72181	-11.87	
-0.72045	-11.25	
-0.72045	-19.37	
-0.7191	-18.75	
-0.7191	-13.75	
-0.71774	-12.5	
-0.71774	-19.37	
-0.71639	-20	
-0.71639	-11.87	
-0.71504	-11.87	
-0.71504	-19.37	
-0.71368	-19.37	
-0.71368	-11.25	
-0.71233	-11.25	
-0.71233	-21.87	
-0.71097	-21.87	
-0.71097	-11.87	
-0.70962	-11.87	
-0.70962	-21.87	
-0.70826	-19.37	
-0.70826	-13.12	
-0.70691	-12.5	
-0.70691	-18.75	
-0.70555	-19.37	
-0.70555	-11.87	
-0.7042	-11.25	
-0.7042	-19.37	
-0.70285	-19.37	
-0.70285	-8.747	
-0.70149	-12.5	
-0.70149	-20.62	
-0.70014	-18.75	
-0.70014	-11.87	
-0.69879	-12.5	
-0.69879	-18.75	
-0.69743	-18.75	
-0.69743	-12.5	
-0.69607	-11.87	
-0.69607	-19.37	
-0.69472	-20	
-0.69472	-13.12	
-0.69337	-10.62	
-0.69337	-19.37	
-0.69201	-20	
-0.69201	-12.5	
-0.69066	-11.87	
-0.69066	-18.75	
-0.6893	-20	
-0.6893	-12.5	
-0.68795	-13.75	
-0.68795	-20	
-0.6866	-19.37	
-0.6866	-11.25	
-0.68524	-11.87	
-0.68524	-20.62	
-0.68389	-20	
-0.68389	-11.87	
-0.68253	-11.25	
-0.68253	-19.37	
-0.68118	-23.12	
-0.68118	-11.25	
-0.67983	-12.5	
-0.67983	-20	
-0.67847	-21.87	
-0.67847	-12.5	
-0.67711	-13.75	
-0.67711	-19.37	
-0.67576	-21.25	
-0.67576	-11.87	
-0.6744	-12.5	
-0.6744	-19.37	
-0.67305	-20	
-0.67305	-13.12	
-0.6717	-11.25	
-0.6717	-20	
-0.67035	-19.37	
-0.67035	-12.5	
-0.66899	-13.75	
-0.66899	-19.37	
-0.66763	-21.25	
-0.66763	-11.87	
-0.66628	-11.87	
-0.66628	-19.37	
-0.66493	-19.37	
-0.66493	-11.87	
-0.66357	-11.87	
-0.66357	-20	
-0.66222	-19.37	
-0.66222	-11.87	
-0.66086	-11.87	
-0.66086	-21.87	
-0.65951	-18.75	
-0.65951	-12.5	
-0.65815	-12.5	
-0.65815	-19.37	
-0.6568	-21.87	
-0.6568	-12.5	
-0.65545	-11.87	
-0.65545	-19.37	
-0.65409	-20	
-0.65409	-11.87	
-0.65274	-12.5	
-0.65274	-20	
-0.65138	-19.37	
-0.65138	-11.25	
-0.65003	-11.87	
-0.65003	-20	
-0.64868	-19.37	
-0.64868	-11.87	
-0.64732	-12.5	
-0.64732	-19.37	
-0.64597	-19.37	
-0.64597	-13.12	
-0.64461	-11.87	
-0.64461	-21.87	
-0.64326	-20	
-0.64326	-12.5	
-0.64191	-12.5	
-0.64191	-20	
-0.64055	-19.37	
-0.64055	-11.25	
-0.63919	-11.87	
-0.63919	-19.37	
-0.63784	-18.75	
-0.63784	-11.87	
-0.63649	-10.62	
-0.63649	-19.37	
-0.63513	-20	
-0.63513	-12.5	
-0.63378	-11.25	
-0.63378	-19.37	
-0.63242	-19.37	
-0.63242	-9.998	
-0.63107	-12.5	
-0.63107	-20.62	
-0.62972	-21.25	
-0.62972	-13.12	
-0.62836	-12.5	
-0.62836	-18.75	
-0.62701	-20	
-0.62701	-11.87	
-0.62565	-11.87	
-0.62565	-20	
-0.6243	-19.37	
-0.6243	-11.87	
-0.62294	-11.87	
-0.62294	-20.62	
-0.62159	-19.37	
-0.62159	-11.87	
-0.62023	-9.998	
-0.62023	-21.25	
-0.61888	-19.37	
-0.61888	-11.87	
-0.61753	-13.75	
-0.61753	-19.37	
-0.61617	-21.25	
-0.61617	-12.5	
-0.61482	-12.5	
-0.61482	-20	
-0.61347	-19.37	
-0.61347	-13.12	
-0.61211	-11.87	
-0.61211	-19.37	
-0.61075	-19.37	
-0.61075	-11.87	
-0.6094	-12.5	
-0.6094	-19.37	
-0.60805	-19.37	
-0.60805	-13.12	
-0.60669	-11.87	
-0.60669	-19.37	
-0.60534	-20.62	
-0.60534	-13.12	
-0.60399	-11.87	
-0.60399	-19.37	
-0.60263	-19.37	
-0.60263	-11.87	
-0.60127	-9.373	
-0.60127	-20	
-0.59992	-19.37	
-0.59992	-9.373	
-0.59857	-10.62	
-0.59857	-19.37	
-0.59721	-18.75	
-0.59721	-11.87	
-0.59586	-11.25	
-0.59586	-20	
-0.5945	-19.37	
-0.5945	-12.5	
-0.59315	-10.62	
-0.59315	-19.37	
-0.5918	-20	
-0.5918	-11.87	
-0.59044	-12.5	
-0.59044	-18.75	
-0.58909	-18.75	
-0.58909	-11.87	
-0.58773	-13.12	
-0.58773	-20.62	
-0.58637	-19.37	
-0.58637	-11.87	
-0.58502	-10.62	
-0.58502	-19.37	
-0.58367	-19.37	
-0.58367	-13.12	
-0.58231	-12.5	
-0.58231	-21.25	
-0.58096	-20	
-0.58096	-13.12	
-0.57961	-12.5	
-0.57961	-21.87	
-0.57825	-20	
-0.57825	-11.87	
-0.57689	-12.5	
-0.57689	-21.25	
-0.57554	-19.37	
-0.57554	-7.498	
-0.57419	-12.5	
-0.57419	-20.62	
-0.57283	-20	
-0.57283	-13.12	
-0.57148	-11.87	
-0.57148	-18.75	
-0.57013	-23.75	
-0.57013	-9.998	
-0.56877	-12.5	
-0.56877	-18.75	
-0.56741	-18.75	
-0.56741	-11.87	
-0.56606	-11.87	
-0.56606	-20	
-0.56471	-19.37	
-0.56471	-11.25	
-0.56336	-11.87	
-0.56336	-19.37	
-0.562	-20.62	
-0.562	-11.25	
-0.56065	-11.87	
-0.56065	-20	
-0.55929	-18.75	
-0.55929	-12.5	
-0.55793	-12.5	
-0.55793	-19.37	
-0.55658	-20	
-0.55658	-12.5	
-0.55523	-11.25	
-0.55523	-20	
-0.55387	-20	
-0.55387	-11.25	
-0.55252	-11.25	
-0.55252	-18.12	
-0.55117	-19.37	
-0.55117	-12.5	
-0.54981	-12.5	
-0.54981	-21.25	
-0.54845	-19.37	
-0.54845	-13.12	
-0.5471	-12.5	
-0.5471	-18.75	
-0.54575	-19.37	
-0.54575	-11.25	
-0.54439	-11.87	
-0.54439	-21.25	
-0.54304	-21.25	
-0.54304	-11.87	
-0.54169	-10.62	
-0.54169	-22.5	
-0.54033	-18.75	
-0.54033	-12.5	
-0.53897	-11.87	
-0.53897	-19.37	
-0.53762	-20	
-0.53762	-12.5	
-0.53627	-11.87	
-0.53627	-21.87	
-0.53492	-20.62	
-0.53492	-11.25	
-0.53356	-11.87	
-0.53356	-20.62	
-0.53221	-18.75	
-0.53221	-11.25	
-0.53085	-11.25	
-0.53085	-22.5	
-0.52949	-19.37	
-0.52949	-12.5	
-0.52814	-12.5	
-0.52814	-20	
-0.52679	-19.37	
-0.52679	-12.5	
-0.52543	-12.5	
-0.52543	-17.5	
-0.52408	-19.37	
-0.52408	-11.87	
-0.52272	-12.5	
-0.52272	-19.37	
-0.52137	-20	
-0.52137	-10.62	
-0.52001	-11.87	
-0.52001	-21.25	
-0.51866	-18.75	
-0.51866	-11.87	
-0.51731	-12.5	
-0.51731	-18.75	
-0.51595	-21.87	
-0.51595	-11.25	
-0.5146	-13.12	
-0.5146	-20	
-0.51325	-19.37	
-0.51325	-11.87	
-0.51189	-11.25	
-0.51189	-18.75	
-0.51053	-20.62	
-0.51053	-11.87	
-0.50918	-12.5	
-0.50918	-18.75	
-0.50783	-19.37	
-0.50783	-11.25	
-0.50647	-11.25	
-0.50647	-19.37	
-0.50512	-21.25	
-0.50512	-12.5	
-0.50377	-11.87	
-0.50377	-22.5	
-0.50241	-20.62	
-0.50241	-12.5	
-0.50105	-11.87	
-0.50105	-20	
-0.4997	-19.37	
-0.4997	-9.373	
-0.49835	-11.87	
-0.49835	-21.87	
-0.49699	-21.87	
-0.49699	-13.75	
-0.49564	-11.87	
-0.49564	-21.87	
-0.49428	-21.25	
-0.49428	-13.12	
-0.49293	-10.62	
-0.49293	-20.62	
-0.49157	-22.5	
-0.49157	-11.87	
-0.49022	-13.12	
-0.49022	-21.25	
-0.48887	-18.75	
-0.48887	-13.12	
-0.48751	-13.75	
-0.48751	-19.37	
-0.48616	-18.75	
-0.48616	-12.5	
-0.4848	-11.87	
-0.4848	-19.37	
-0.48345	-21.87	
-0.48345	-12.5	
-0.4821	-12.5	
-0.4821	-19.37	
-0.48074	-19.37	
-0.48074	-11.87	
-0.47939	-12.5	
-0.47939	-19.37	
-0.47804	-19.37	
-0.47804	-11.87	
-0.47668	-12.5	
-0.47668	-19.37	
-0.47533	-20	
-0.47533	-12.5	
-0.47397	-12.5	
-0.47397	-18.12	
-0.47261	-20	
-0.47261	-13.12	
-0.47126	-12.5	
-0.47126	-19.37	
-0.46991	-23.75	
-0.46991	-11.87	
-0.46855	-12.5	
-0.46855	-19.37	
-0.4672	-18.75	
-0.4672	-12.5	
-0.46585	-13.12	
-0.46585	-19.37	
-0.46449	-20	
-0.46449	-13.12	
-0.46314	-11.87	
-0.46314	-20	
-0.46178	-20.62	
-0.46178	-11.25	
-0.46043	-12.5	
-0.46043	-19.37	
-0.45907	-19.37	
-0.45907	-12.5	
-0.45772	-12.5	
-0.45772	-18.75	
-0.45637	-23.12	
-0.45637	-14.37	
-0.45501	-13.12	
-0.45501	-20	
-0.45366	-19.37	
-0.45366	-12.5	
-0.4523	-10.62	
-0.4523	-18.75	
-0.45095	-22.5	
-0.45095	-11.87	
-0.44959	-12.5	
-0.44959	-21.87	
-0.44824	-18.75	
-0.44824	-11.87	
-0.44689	-9.998	
-0.44689	-19.37	
-0.44553	-19.37	
-0.44553	-12.5	
-0.44418	-12.5	
-0.44418	-19.37	
-0.44282	-18.75	
-0.44282	-12.5	
-0.44147	-11.87	
-0.44147	-20	
-0.44011	-23.75	
-0.44011	-11.87	
-0.43876	-12.5	
-0.43876	-21.87	
-0.4374	-19.37	
-0.4374	-13.12	
-0.43605	-13.12	
-0.43605	-20	
-0.4347	-19.37	
-0.4347	-11.25	
-0.43334	-13.12	
-0.43334	-20	
-0.43199	-20.62	
-0.43199	-11.87	
-0.43063	-13.12	
-0.43063	-21.25	
-0.42928	-21.25	
-0.42928	-12.5	
-0.42793	-11.25	
-0.42793	-21.25	
-0.42657	-19.37	
-0.42657	-13.12	
-0.42522	-9.998	
-0.42522	-18.75	
-0.42386	-20	
-0.42386	-9.998	
-0.42251	-11.87	
-0.42251	-19.37	
-0.42115	-22.5	
-0.42115	-9.373	
-0.4198	-12.5	
-0.4198	-18.75	
-0.41845	-18.75	
-0.41845	-12.5	
-0.41709	-11.87	
-0.41709	-18.12	
-0.41573	-19.37	
-0.41573	-11.87	
-0.41438	-9.998	
-0.41438	-20	
-0.41303	-22.5	
-0.41303	-13.12	
-0.41167	-11.25	
-0.41167	-20	
-0.41032	-21.87	
-0.41032	-11.25	
-0.40896	-11.87	
-0.40896	-19.37	
-0.40761	-20	
-0.40761	-11.25	
-0.40625	-11.87	
-0.40625	-21.87	
-0.4049	-19.37	
-0.4049	-13.12	
-0.40355	-11.87	
-0.40355	-20	
-0.40219	-20	
-0.40219	-11.87	
-0.40084	-12.5	
-0.40084	-21.25	
-0.39949	-21.25	
-0.39949	-11.25	
-0.39813	-11.87	
-0.39813	-20	
-0.39677	-18.75	
-0.39677	-13.12	
-0.39542	-11.87	
-0.39542	-20	
-0.39407	-18.75	
-0.39407	-9.998	
-0.39271	-13.75	
-0.39271	-20	
-0.39136	-21.25	
-0.39136	-12.5	
-0.39001	-12.5	
-0.39001	-19.37	
-0.38865	-18.75	
-0.38865	-12.5	
-0.3873	-12.5	
-0.3873	-18.75	
-0.38594	-19.37	
-0.38594	-11.25	
-0.38459	-11.87	
-0.38459	-19.37	
-0.38323	-20	
-0.38323	-11.87	
-0.38188	-11.87	
-0.38188	-18.75	
-0.38052	-20	
-0.38052	-12.5	
-0.37917	-12.5	
-0.37917	-19.37	
-0.37782	-21.25	
-0.37782	-11.87	
-0.37646	-11.87	
-0.37646	-21.25	
-0.37511	-21.87	
-0.37511	-11.25	
-0.37375	-12.5	
-0.37375	-20.62	
-0.3724	-20	
-0.3724	-11.87	
-0.37105	-11.25	
-0.37105	-18.75	
-0.36969	-19.37	
-0.36969	-12.5	
-0.36834	-13.75	
-0.36834	-21.25	
-0.36698	-21.87	
-0.36698	-13.12	
-0.36563	-11.25	
-0.36563	-20.62	
-0.36427	-20	
-0.36427	-13.12	
-0.36292	-11.87	
-0.36292	-21.25	
-0.36156	-19.37	
-0.36156	-11.25	
-0.36021	-11.87	
-0.36021	-18.75	
-0.35886	-18.75	
-0.35886	-12.5	
-0.3575	-11.87	
-0.3575	-18.75	
-0.35615	-22.5	
-0.35615	-12.5	
-0.35479	-13.12	
-0.35479	-20.62	
-0.35344	-20	
-0.35344	-12.5	
-0.35209	-11.25	
-0.35209	-21.87	
-0.35073	-20.62	
-0.35073	-11.25	
-0.34938	-11.87	
-0.34938	-21.87	
-0.34802	-22.5	
-0.34802	-12.5	
-0.34667	-11.87	
-0.34667	-20	
-0.34531	-20	
-0.34531	-11.25	
-0.34396	-9.373	
-0.34396	-20	
-0.34261	-22.5	
-0.34261	-12.5	
-0.34125	-12.5	
-0.34125	-21.25	
-0.33989	-21.87	
-0.33989	-12.5	
-0.33854	-11.87	
-0.33854	-21.25	
-0.33718	-18.75	
-0.33718	-12.5	
-0.33583	-9.373	
-0.33583	-20.62	
-0.33448	-19.37	
-0.33448	-11.25	
-0.33312	-11.87	
-0.33312	-19.37	
-0.33177	-20	
-0.33177	-11.87	
-0.33041	-11.25	
-0.33041	-19.37	
-0.32906	-23.75	
-0.32906	-8.747	
-0.3277	-9.373	
-0.3277	-23.75	
-0.32635	-22.5	
-0.32635	-9.998	
-0.325	-8.123	
-0.325	-19.37	
-0.32364	-21.25	
-0.32364	-8.747	
-0.32229	-8.123	
-0.32229	-20.62	
-0.32093	-23.12	
-0.32093	-6.248	
-0.31958	-7.498	
-0.31958	-18.75	
-0.31822	-23.75	
-0.31822	-6.248	
-0.31687	-6.248	
-0.31687	-24.37	
-0.31552	-25	
-0.31552	-9.373	
-0.31416	-9.373	
-0.31416	-22.5	
-0.31281	-26.25	
-0.31281	-9.373	
-0.31146	-13.12	
-0.31146	-25.62	
-0.3101	-28.75	
-0.3101	-14.37	
-0.30875	-15.62	
-0.30875	-28.75	
-0.30739	-31.25	
-0.30739	-16.25	
-0.30604	-11.87	
-0.30604	-31.25	
-0.30468	-32.5	
-0.30468	-16.25	
-0.30333	-16.25	
-0.30333	-31.87	
-0.30198	-34.37	
-0.30198	-16.87	
-0.30062	-20	
-0.30062	-35.62	
-0.29926	-34.37	
-0.29926	-22.5	
-0.29791	-19.37	
-0.29791	-34.37	
-0.29656	-34.37	
-0.29656	-20.62	
-0.2952	-22.5	
-0.2952	-35.62	
-0.29385	-35	
-0.29385	-21.87	
-0.2925	-20.62	
-0.2925	-37.5	
-0.29114	-36.87	
-0.29114	-21.87	
-0.28978	-21.87	
-0.28978	-35	
-0.28843	-36.87	
-0.28843	-19.37	
-0.28708	-22.5	
-0.28708	-36.87	
-0.28572	-38.12	
-0.28572	-23.75	
-0.28437	-21.87	
-0.28437	-38.75	
-0.28302	-38.12	
-0.28302	-24.37	
-0.28166	-21.25	
-0.28166	-39.38	
-0.2803	-38.12	
-0.2803	-23.75	
-0.27895	-25	
-0.27895	-39.38	
-0.2776	-41.87	
-0.2776	-26.25	
-0.27624	-26.25	
-0.27624	-40.62	
-0.27489	-41.25	
-0.27489	-25.62	
-0.27353	-25.62	
-0.27353	-42.5	
-0.27218	-39.38	
-0.27218	-25	
-0.27082	-21.87	
-0.27082	-42.5	
-0.26947	-38.75	
-0.26947	-23.75	
-0.26812	-26.25	
-0.26812	-43.13	
-0.26676	-41.25	
-0.26676	-26.87	
-0.26541	-26.87	
-0.26541	-41.87	
-0.26405	-41.87	
-0.26405	-26.25	
-0.2627	-28.75	
-0.2627	-41.87	
-0.26134	-45	
-0.26134	-26.87	
-0.25999	-26.25	
-0.25999	-48.12	
-0.25864	-43.75	
-0.25864	-30.62	
-0.25728	-26.87	
-0.25728	-41.87	
-0.25593	-45	
-0.25593	-27.5	
-0.25457	-26.87	
-0.25457	-42.5	
-0.25322	-45.62	
-0.25322	-22.5	
-0.25186	-29.38	
-0.25186	-45.62	
-0.25051	-44.37	
-0.25051	-27.5	
-0.24916	-29.38	
-0.24916	-45.62	
-0.2478	-41.25	
-0.2478	-26.25	
-0.24645	-25.62	
-0.24645	-41.87	
-0.24509	-40	
-0.24509	-26.87	
-0.24374	-21.25	
-0.24374	-36.87	
-0.24238	-38.12	
-0.24238	-21.25	
-0.24103	-20.62	
-0.24103	-38.12	
-0.23968	-39.38	
-0.23968	-21.87	
-0.23832	-23.12	
-0.23832	-36.25	
-0.23697	-38.12	
-0.23697	-20	
-0.23561	-20	
-0.23561	-36.25	
-0.23426	-35.62	
-0.23426	-21.25	
-0.2329	-22.5	
-0.2329	-38.75	
-0.23155	-38.75	
-0.23155	-21.87	
-0.2302	-23.12	
-0.2302	-37.5	
-0.22884	-35.62	
-0.22884	-23.12	
-0.22749	-23.12	
-0.22749	-39.38	
-0.22613	-37.5	
-0.22613	-23.75	
-0.22478	-24.37	
-0.22478	-37.5	
-0.22342	-40	
-0.22342	-23.12	
-0.22207	-19.37	
-0.22207	-36.25	
-0.22072	-41.87	
-0.22072	-21.87	
-0.21937	-23.75	
-0.21937	-33.75	
-0.21801	-41.87	
-0.21801	-22.5	
-0.21665	-21.87	
-0.21665	-41.25	
-0.2153	-41.25	
-0.2153	-21.25	
-0.21394	-23.75	
-0.21394	-36.87	
-0.21259	-36.87	
-0.21259	-21.87	
-0.21124	-21.25	
-0.21124	-37.5	
-0.20988	-38.75	
-0.20988	-22.5	
-0.20853	-21.25	
-0.20853	-36.25	
-0.20717	-42.5	
-0.20717	-22.5	
-0.20582	-23.75	
-0.20582	-36.87	
-0.20447	-36.87	
-0.20447	-23.12	
-0.20311	-22.5	
-0.20311	-38.75	
-0.20176	-39.38	
-0.20176	-22.5	
-0.2004	-24.37	
-0.2004	-45.62	
-0.19905	-41.25	
-0.19905	-19.37	
-0.19769	-22.5	
-0.19769	-36.25	
-0.19634	-36.87	
-0.19634	-20	
-0.19498	-21.25	
-0.19498	-36.87	
-0.19363	-43.75	
-0.19363	-23.12	
-0.19228	-23.75	
-0.19228	-36.87	
-0.19092	-38.75	
-0.19092	-21.87	
-0.18957	-23.12	
-0.18957	-37.5	
-0.18821	-39.38	
-0.18821	-24.37	
-0.18686	-22.5	
-0.18686	-36.25	
-0.1855	-42.5	
-0.1855	-21.25	
-0.18415	-26.25	
-0.18415	-39.38	
-0.1828	-38.75	
-0.1828	-20	
-0.18145	-22.5	
-0.18145	-40	
-0.18009	-40.62	
-0.18009	-21.87	
-0.17873	-25	
-0.17873	-41.87	
-0.17738	-36.25	
-0.17738	-22.5	
-0.17602	-19.37	
-0.17602	-38.75	
-0.17467	-40.62	
-0.17467	-23.75	
-0.17332	-23.12	
-0.17332	-39.38	
-0.17197	-43.13	
-0.17197	-22.5	
-0.17061	-21.87	
-0.17061	-41.87	
-0.16925	-40	
-0.16925	-25.62	
-0.1679	-23.12	
-0.1679	-43.75	
-0.16655	-36.25	
-0.16655	-21.87	
-0.16519	-23.75	
-0.16519	-36.87	
-0.16384	-40.62	
-0.16384	-24.37	
-0.16248	-24.37	
-0.16248	-36.87	
-0.16113	-41.25	
-0.16113	-24.37	
-0.15977	-23.12	
-0.15977	-39.38	
-0.15842	-38.75	
-0.15842	-23.75	
-0.15706	-20	
-0.15706	-38.75	
-0.15571	-39.38	
-0.15571	-25.62	
-0.15436	-21.25	
-0.15436	-35.62	
-0.153	-38.75	
-0.153	-25.62	
-0.15165	-24.37	
-0.15165	-45	
-0.15029	-41.25	
-0.15029	-25.62	
-0.14894	-25	
-0.14894	-38.12	
-0.14758	-36.87	
-0.14758	-21.25	
-0.14623	-24.37	
-0.14623	-39.38	
-0.14488	-43.13	
-0.14488	-24.37	
-0.14353	-26.25	
-0.14353	-40	
-0.14217	-39.38	
-0.14217	-25.62	
-0.14081	-23.12	
-0.14081	-40.62	
-0.13946	-40	
-0.13946	-23.75	
-0.1381	-23.75	
-0.1381	-38.75	
-0.13675	-38.75	
-0.13675	-24.37	
-0.1354	-26.25	
-0.1354	-47.5	
-0.13404	-41.87	
-0.13404	-25	
-0.13269	-23.75	
-0.13269	-41.87	
-0.13133	-44.37	
-0.13133	-22.5	
-0.12998	-25	
-0.12998	-45	
-0.12863	-39.38	
-0.12863	-21.87	
-0.12727	-26.25	
-0.12727	-41.87	
-0.12592	-44.37	
-0.12592	-25.62	
-0.12456	-25	
-0.12456	-39.38	
-0.12321	-43.13	
-0.12321	-28.75	
-0.12185	-26.25	
-0.12185	-41.87	
-0.1205	-39.38	
-0.1205	-23.75	
-0.11914	-27.5	
-0.11914	-41.87	
-0.11779	-41.25	
-0.11779	-24.37	
-0.11643	-24.37	
-0.11643	-36.87	
-0.11508	-39.38	
-0.11508	-26.87	
-0.11373	-26.25	
-0.11373	-44.37	
-0.11237	-43.13	
-0.11237	-26.87	
-0.11102	-23.12	
-0.11102	-42.5	
-0.10966	-40.62	
-0.10966	-24.37	
-0.10831	-26.87	
-0.10831	-41.87	
-0.10695	-41.25	
-0.10695	-26.87	
-0.1056	-27.5	
-0.1056	-45	
-0.10425	-40	
-0.10425	-25.62	
-0.10289	-24.37	
-0.10289	-41.25	
-0.10154	-42.5	
-0.10154	-24.37	
-0.10018	-26.25	
-0.10018	-40.62	
-0.09883	-42.5	
-0.09883	-27.5	
-0.09747	-30	
-0.09747	-45.62	
-0.09612	-46.25	
-0.09612	-29.38	
-0.09477	-28.75	
-0.09477	-45.62	
-0.09341	-45	
-0.09341	-32.5	
-0.09206	-32.5	
-0.09206	-46.87	
-0.0907	-45.62	
-0.0907	-31.25	
-0.08935	-32.5	
-0.08935	-50.62	
-0.08799	-46.25	
-0.08799	-30	
-0.08664	-30	
-0.08664	-48.75	
-0.08529	-46.25	
-0.08529	-32.5	
-0.08393	-34.37	
-0.08393	-50.62	
-0.08258	-45	
-0.08258	-33.12	
-0.08122	-31.25	
-0.08122	-50	
-0.07987	-46.25	
-0.07987	-30	
-0.07851	-33.75	
-0.07851	-48.12	
-0.07716	-49.37	
-0.07716	-32.5	
-0.07581	-31.87	
-0.07581	-46.87	
-0.07445	-53.75	
-0.07445	-31.25	
-0.0731	-31.87	
-0.0731	-46.87	
-0.07174	-49.37	
-0.07174	-31.87	
-0.07039	-32.5	
-0.07039	-48.12	
-0.06903	-54.37	
-0.06903	-34.37	
-0.06768	-34.37	
-0.06768	-48.75	
-0.06633	-51.87	
-0.06633	-34.37	
-0.06497	-34.37	
-0.06497	-53.12	
-0.06362	-46.87	
-0.06362	-34.37	
-0.06226	-33.75	
-0.06226	-48.75	
-0.06091	-51.25	
-0.06091	-31.87	
-0.05955	-35.62	
-0.05955	-48.75	
-0.0582	-51.25	
-0.0582	-35	
-0.05685	-33.75	
-0.05685	-48.12	
-0.05549	-49.37	
-0.05549	-31.87	
-0.05414	-26.25	
-0.05414	-50	
-0.05278	-48.12	
-0.05278	-29.38	
-0.05143	-28.75	
-0.05143	-41.87	
-0.05007	-41.87	
-0.05007	-27.5	
-0.04872	-23.75	
-0.04872	-42.5	
-0.04737	-40.62	
-0.04737	-26.87	
-0.04601	-23.75	
-0.04601	-38.75	
-0.04466	-45.62	
-0.04466	-22.5	
-0.0433	-22.5	
-0.0433	-37.5	
-0.04195	-41.25	
-0.04195	-23.12	
-0.04059	-21.87	
-0.04059	-36.87	
-0.03924	-36.25	
-0.03924	-23.12	
-0.03789	-22.5	
-0.03789	-36.25	
-0.03653	-36.25	
-0.03653	-22.5	
-0.03518	-19.37	
-0.03518	-37.5	
-0.03382	-36.87	
-0.03382	-17.5	
-0.03247	-21.87	
-0.03247	-35.62	
-0.03111	-40.62	
-0.03111	-21.87	
-0.02976	-20	
-0.02976	-35.62	
-0.02841	-31.87	
-0.02841	-21.87	
-0.02705	-19.37	
-0.02705	-35.62	
-0.0257	-34.37	
-0.0257	-20	
-0.02434	-18.75	
-0.02434	-35	
-0.02299	-37.5	
-0.02299	-20	
-0.02163	-16.87	
-0.02163	-31.87	
-0.02028	-36.25	
-0.02028	-16.87	
-0.01893	-16.87	
-0.01893	-33.75	
-0.01757	-31.87	
-0.01757	-19.37	
-0.01622	-17.5	
-0.01622	-35	
-0.01486	-30.62	
-0.01486	-20.62	
-0.01351	-15.62	
-0.01351	-32.5	
-0.01215	-33.12	
-0.01215	-16.87	
-0.0108	-18.75	
-0.0108	-34.37	
-0.00945	-34.37	
-0.00945	5173	
-0.00809	6039	
-0.00809	3845	
-0.00674	5274	
-0.00674	5829	
-0.00538	5275	
-0.00538	4546	
-0.00403	3695	
-0.00403	4549	
-0.00267	3696	
-0.00267	2781	
-0.00132	1838	
-0.00132	2779	
3.00119E-5	1838	
3.00119E-5	979.4	
0.00139	-2058	
0.00139	1941	
0.00274	-2056	
0.00274	-6534	
0.0041	-6672	
0.0041	-5937	
0.00545	-3828	
0.00545	-5857	
0.00681	-3828	
0.00681	-2010	
0.00816	-1073	
0.00816	-2011	
0.00951	-1043	
0.00951	-590	
0.01087	-386.3	
0.01087	-591.9	
0.01222	-387.5	
0.01222	-287.5	
0.01358	-238.8	
0.01358	-296.9	
0.01493	-247.5	
0.01493	-191.9	
0.01629	-157.5	
0.01629	-202.5	
0.01764	-172.5	
0.01764	-130.6	
0.01899	-101.3	
0.01899	-136.9	
0.02035	-110.6	
0.02035	-83.13	
0.0217	-69.38	
0.0217	-92.5	
0.02306	-83.13	
0.02306	-56.87	
0.02441	27.5	
0.02441	-147.5	
0.02577	-68.13	
0.02577	-44.37	
0.02712	-37.5	
0.02712	-61.88	
0.02847	-58.13	
0.02847	-38.75	
0.02983	-31.87	
0.02983	-54.37	
0.03118	-52.5	
0.03118	-33.12	
0.03254	-32.5	
0.03254	-51.25	
0.03389	-51.25	
0.03389	-26.87	
0.03525	-28.12	
0.03525	-51.87	
0.0366	-47.5	
0.0366	-29.38	
0.03795	-24.37	
0.03795	-49.37	
0.03931	-52.5	
0.03931	-31.25	
0.04066	-27.5	
0.04066	-45.62	
0.04202	-51.87	
0.04202	-27.5	
0.04337	-25	
0.04337	-46.25	
0.04473	-49.37	
0.04473	-26.25	
0.04608	-27.5	
0.04608	-47.5	
0.04743	-48.12	
0.04743	-26.25	
0.04879	-32.5	
0.04879	-50	
0.05014	-49.37	
0.05014	-27.5	
0.0515	-25.62	
0.0515	-48.75	
0.05285	-46.25	
0.05285	-26.87	
0.05421	-31.25	
0.05421	-48.75	
0.05556	-45.62	
0.05556	-27.5	
0.05691	-30.62	
0.05691	-51.87	
0.05827	-50.62	
0.05827	-29.38	
0.05962	-31.25	
0.05962	-46.25	
0.06098	-54.37	
0.06098	-24.37	
0.06233	-28.12	
0.06233	-55	
0.06368	-46.25	
0.06368	-26.25	
0.06504	-26.25	
0.06504	-46.87	
0.06639	-47.5	
0.06639	-26.25	
0.06775	-26.25	
0.06775	-48.75	
0.0691	-52.5	
0.0691	-30	
0.07046	-26.25	
0.07046	-45.62	
0.07181	-48.75	
0.07181	-29.38	
0.07317	-26.25	
0.07317	-48.75	
0.07452	-46.87	
0.07452	-26.25	
0.07587	-21.87	
0.07587	-43.75	
0.07723	-46.25	
0.07723	-29.38	
0.07858	-21.87	
0.07858	-51.25	
0.07994	-48.75	
0.07994	-29.38	
0.08129	-28.12	
0.08129	-43.75	
0.08265	-48.75	
0.08265	-30	
0.084	-30	
0.084	-51.87	
0.08535	-47.5	
0.08535	-28.12	
0.08671	-30	
0.08671	-52.5	
0.08806	-46.87	
0.08806	-27.5	
0.08942	-32.5	
0.08942	-49.37	
0.09077	-43.75	
0.09077	-26.25	
0.09213	-32.5	
0.09213	-51.25	
0.09348	-50.62	
0.09348	-33.75	
0.09483	-36.25	
0.09483	-55	
0.09619	-56.25	
0.09619	-35.62	
0.09754	-40	
0.09754	-56.87	
0.0989	-55	
0.0989	-35.62	
0.10025	-34.37	
0.10025	-54.37	
0.10161	-53.75	
0.10161	-32.5	
0.10296	-31.87	
0.10296	-53.75	
0.10432	-51.87	
0.10432	-26.25	
0.10567	-29.38	
0.10567	-51.25	
0.10702	-52.5	
0.10702	-30	
0.10838	-24.37	
0.10838	-45.62	
0.10973	-44.37	
0.10973	-24.37	
0.11109	-22.5	
0.11109	-44.37	
0.11244	-43.75	
0.11244	-22.5	
0.1138	-19.37	
0.1138	-41.87	
0.11515	-39.38	
0.11515	-21.25	
0.1165	-16.87	
0.1165	-37.5	
0.11786	-35.62	
0.11786	-19.37	
0.11921	-16.87	
0.11921	-35.62	
0.12057	-34.37	
0.12057	-13.12	
0.12192	-9.998	
0.12192	-36.25	
0.12328	-31.87	
0.12328	-9.998	
0.12463	-9.998	
0.12463	-31.87	
0.12598	-31.25	
0.12598	-7.498	
0.12733	-6.248	
0.12733	-29.38	
0.12869	-31.25	
0.12869	-9.998	
0.13004	-8.123	
0.13004	-26.25	
0.1314	-28.12	
0.1314	-9.373	
0.13276	-6.248	
0.13276	-26.87	
0.13411	-26.87	
0.13411	-6.248	
0.13546	-6.248	
0.13546	-21.87	
0.13681	-28.75	
0.13681	-5.623	
0.13817	-4.374	
0.13817	-25	
0.13952	-23.75	
0.13952	-0.6237	
0.14088	-6.248	
0.14088	-21.25	
0.14224	-24.37	
0.14224	-2.499	
0.14359	-2.499	
0.14359	-21.87	
0.14494	-20.62	
0.14494	-2.499	
0.14629	-1.873	
0.14629	-21.87	
0.14765	-22.5	
0.14765	-1.873	
0.149	1.877	
0.149	-16.87	
0.15036	-19.37	
0.15036	1.251	
0.15172	-2.499	
0.15172	-18.75	
0.15307	-18.75	
0.15307	1.251	
0.15442	0.6275	
0.15442	-14.37	
0.15577	-17.5	
0.15577	0.001907	
0.15713	3.752	
0.15713	-15	
0.15848	-16.87	
0.15848	4.377	
0.15984	3.752	
0.15984	-18.75	
0.1612	-18.12	
0.1612	3.126	
0.16255	2.502	
0.16255	-13.12	
0.1639	-16.87	
0.1639	3.752	
0.16525	5.629	
0.16525	-13.75	
0.16661	-13.75	
0.16661	0.001907	
0.16796	5.001	
0.16796	-13.75	
0.16932	-13.75	
0.16932	3.752	
0.17068	3.126	
0.17068	-12.5	
0.17203	-11.87	
0.17203	3.752	
0.17338	3.126	
0.17338	-15.62	
0.17473	-62.5	
0.17473	-10.62	
0.17609	-1.247	
0.17609	-21.87	
0.17744	-13.75	
0.17744	3.752	
0.1788	6.878	
0.1788	-11.87	
0.18016	-15.62	
0.18016	6.254	
0.18151	10.63	
0.18151	-10.62	
0.18286	-9.998	
0.18286	17.5	
0.18421	11.88	
0.18421	-6.872	
0.18557	-4.997	
0.18557	14.38	
0.18692	18.75	
0.18692	-3.748	
0.18828	-9.998	
0.18828	14.38	
0.18964	15.63	
0.18964	-1.873	
0.19099	0.6275	
0.19099	18.13	
0.19234	23.75	
0.19234	-1.247	
0.19369	-1.247	
0.19369	20	
0.19505	20	
0.19505	1.877	
0.1964	2.502	
0.1964	23.75	
0.19776	23.75	
0.19776	0.001907	
0.19912	3.126	
0.19912	20.63	
0.20047	22.5	
0.20047	3.126	
0.20182	-0.6237	
0.20182	20.63	
0.20317	24.38	
0.20317	4.377	
0.20453	1.877	
0.20453	23.75	
0.20588	24.38	
0.20588	1.877	
0.20724	4.377	
0.20724	24.38	
0.2086	25.63	
0.2086	5.001	
0.20995	0.001907	
0.20995	25.63	
0.2113	25.63	
0.2113	6.254	
0.21265	1.251	
0.21265	26.88	
0.21401	23.13	
0.21401	8.129	
0.21536	9.378	
0.21536	28.75	
0.21672	23.75	
0.21672	8.753	
0.21808	3.126	
0.21808	26.25	
0.21943	23.13	
0.21943	8.753	
0.22078	8.753	
0.22078	25.63	
0.22214	27.5	
0.22214	8.753	
0.22349	6.878	
0.22349	27.5	
0.22484	31.25	
0.22484	2.502	
0.2262	3.126	
0.2262	24.38	
0.22756	20.63	
0.22756	1.251	
0.22891	-0.6237	
0.22891	16.88	
0.23026	18.75	
0.23026	-2.499	
0.23162	-4.374	
0.23162	13.13	
0.23297	16.25	
0.23297	-6.248	
0.23432	-7.498	
0.23432	13.75	
0.23568	9.378	
0.23568	-8.123	
0.23704	-10.62	
0.23704	13.13	
0.23839	15	
0.23839	-8.123	
0.23974	-6.248	
0.23974	13.75	
0.2411	8.129	
0.2411	-9.373	
0.24245	-10.62	
0.24245	8.129	
0.2438	5.001	
0.2438	-13.75	
0.24516	-12.5	
0.24516	6.878	
0.24652	10.63	
0.24652	-11.25	
0.24787	-11.87	
0.24787	8.129	
0.24922	5.001	
0.24922	-11.87	
0.25058	-11.25	
0.25058	7.504	
0.25193	8.129	
0.25193	-11.25	
0.25329	-14.37	
0.25329	3.126	
0.25464	3.752	
0.25464	-13.12	
0.256	-12.5	
0.256	8.129	
0.25735	5.001	
0.25735	-12.5	
0.2587	-11.87	
0.2587	5.629	
0.26006	8.129	
0.26006	-12.5	
0.26141	-15	
0.26141	3.752	
0.26277	7.504	
0.26277	-13.75	
0.26412	-13.75	
0.26412	4.377	
0.26548	4.377	
0.26548	-20.62	
0.26683	-13.12	
0.26683	4.377	
0.26818	5.629	
0.26818	-18.75	
0.26954	-13.12	
0.26954	1.877	
0.27089	-1.247	
0.27089	-15.62	
0.27225	-8.747	
0.27225	2.502	
0.2736	8.753	
0.2736	-3.748	
0.27496	3.752	
0.27496	14.38	
0.27631	19.38	
0.27631	10.63	
0.27766	12.5	
0.27766	23.13	
0.27902	26.25	
0.27902	16.25	
0.28037	21.25	
0.28037	28.13	
0.28173	31.25	
0.28173	22.5	
0.28308	26.25	
0.28308	33.75	
0.28444	38.76	
0.28444	28.75	
0.28579	31.88	
0.28579	39.38	
0.28714	40	
0.28714	31.25	
0.2885	31.25	
0.2885	39.38	
0.28985	38.13	
0.28985	30	
0.29121	30.63	
0.29121	38.76	
0.29256	35	
0.29256	28.75	
0.29392	26.25	
0.29392	33.13	
0.29527	34.38	
0.29527	23.75	
0.29662	21.88	
0.29662	33.75	
0.29798	28.75	
0.29798	20	
0.29933	16.25	
0.29933	26.25	
0.30069	25	
0.30069	13.75	
0.30204	13.13	
0.30204	21.25	
0.3034	18.75	
0.3034	11.88	
0.30475	10	
0.30475	18.13	
0.3061	18.75	
0.3061	9.378	
0.30746	6.878	
0.30746	16.25	
0.30881	16.25	
0.30881	5.001	
0.31017	3.752	
0.31017	13.13	
0.31152	13.75	
0.31152	3.752	
0.31288	3.126	
0.31288	11.25	
0.31423	11.25	
0.31423	2.502	
0.31558	0.6275	
0.31558	8.753	
0.31694	8.753	
0.31694	0.6275	
0.31829	-1.873	
0.31829	11.25	
0.31965	6.254	
0.31965	-1.247	
0.321	-1.247	
0.321	8.753	
0.32236	5.001	
0.32236	-1.247	
0.32371	-1.247	
0.32371	5.629	
0.32506	5.001	
0.32506	-4.997	
0.32642	-4.374	
0.32642	4.377	
0.32777	3.126	
0.32777	-6.872	
0.32913	-4.374	
0.32913	1.877	
0.33048	0.6275	
0.33048	-6.248	
0.33184	-6.872	
0.33184	1.251	
0.33319	0.6275	
0.33319	-6.248	
0.33454	-8.123	
0.33454	0.6275	
0.3359	-0.6237	
0.3359	-7.498	
0.33725	-8.123	
0.33725	-0.6237	
0.33861	-0.6237	
0.33861	-9.373	
0.33996	-8.747	
0.33996	0.001907	
0.34132	-1.873	
0.34132	-9.998	
0.34267	-9.373	
0.34267	-1.247	
0.34402	-1.247	
0.34402	-9.373	
0.34538	-9.373	
0.34538	-4.374	
0.34673	-4.374	
0.34673	-9.373	
0.34809	-10.62	
0.34809	-4.374	
0.34944	-4.374	
0.34944	-11.87	
0.3508	-11.25	
0.3508	-3.748	
0.35215	-4.374	
0.35215	-10.62	
0.3535	-11.87	
0.3535	-4.997	
0.35486	-4.997	
0.35486	-11.87	
0.35621	-13.12	
0.35621	-5.623	
0.35757	-5.623	
0.35757	-14.37	
0.35892	-11.87	
0.35892	-4.374	
0.36028	-4.997	
0.36028	-12.5	
0.36163	-11.87	
0.36163	-6.248	
0.36298	-5.623	
0.36298	-11.87	
0.36434	-12.5	
0.36434	-5.623	
0.36569	-5.623	
0.36569	-13.12	
0.36705	-12.5	
0.36705	-5.623	
0.3684	-6.248	
0.3684	-14.37	
0.36976	-15	
0.36976	-6.872	
0.37111	-6.872	
0.37111	-11.87	
0.37247	-13.75	
0.37247	-6.248	
0.37382	-8.123	
0.37382	-12.5	
0.37517	-14.37	
0.37517	-8.123	
0.37653	-7.498	
0.37653	-12.5	
0.37788	-15.62	
0.37788	-8.123	
0.37924	-8.123	
0.37924	-15	
0.38059	-13.75	
0.38059	-8.747	
0.38195	-9.373	
0.38195	-14.37	
0.3833	-15	
0.3833	-8.747	
0.38465	-8.123	
0.38465	-15.62	
0.38601	-15	
0.38601	-7.498	
0.38736	-6.872	
0.38736	-15	
0.38872	-16.25	
0.38872	-8.123	
0.39007	-7.498	
0.39007	-16.25	
0.39143	-16.25	
0.39143	-8.747	
0.39278	-8.747	
0.39278	-15.62	
0.39413	-15.62	
0.39413	-8.747	
0.39549	-8.747	
0.39549	-16.25	
0.39684	-16.25	
0.39684	-9.373	
0.3982	-9.373	
0.3982	-15.62	
0.39955	-17.5	
0.39955	-8.747	
0.40091	-9.373	
0.40091	-16.87	
0.40226	-15.62	
0.40226	-9.373	
0.40361	-8.747	
0.40361	-16.25	
0.40496	-17.5	
0.40496	-8.123	
0.40632	-8.747	
0.40632	-16.25	
0.40768	-17.5	
0.40768	-9.373	
0.40903	-9.373	
0.40903	-16.25	
0.41038	-16.25	
0.41038	-9.373	
0.41174	-9.373	
0.41174	-16.87	
0.41309	-16.87	
0.41309	-9.998	
0.41445	-8.123	
0.41445	-16.87	
0.4158	-16.87	
0.4158	-9.373	
0.41716	-8.747	
0.41716	-18.12	
0.41851	-18.75	
0.41851	-9.373	
0.41986	-8.747	
0.41986	-16.87	
0.42122	-18.75	
0.42122	-8.747	
0.42257	-9.373	
0.42257	-17.5	
0.42392	-19.37	
0.42392	-8.747	
0.42528	-9.373	
0.42528	-18.12	
0.42664	-18.75	
0.42664	-8.747	
0.42799	-9.373	
0.42799	-18.12	
0.42934	-18.12	
0.42934	-8.747	
0.4307	-8.747	
0.4307	-17.5	
0.43205	-16.87	
0.43205	-11.87	
0.43341	-9.373	
0.43341	-16.87	
0.43476	-17.5	
0.43476	-8.123	
0.43612	-11.25	
0.43612	-20	
0.43747	-20	
0.43747	-8.747	
0.43882	-8.747	
0.43882	-19.37	
0.44018	-20	
0.44018	-9.373	
0.44153	-9.998	
0.44153	-18.75	
0.44289	-18.75	
0.44289	-9.998	
0.44424	-11.25	
0.44424	-17.5	
0.4456	-17.5	
0.4456	-11.25	
0.44695	-11.25	
0.44695	-17.5	
0.44831	-16.87	
0.44831	-9.998	
0.44966	-9.998	
0.44966	-17.5	
0.45101	-16.87	
0.45101	-9.998	
0.45236	-12.5	
0.45236	-19.37	
0.45372	-16.87	
0.45372	-11.87	
0.45508	-10.62	
0.45508	-18.12	
0.45643	-19.37	
0.45643	-8.123	
0.45779	-9.373	
0.45779	-16.87	
0.45914	-18.12	
0.45914	-9.373	
0.46049	-11.25	
0.46049	-18.75	
0.46185	-18.75	
0.46185	-9.373	
0.4632	-11.87	
0.4632	-18.75	
0.46456	-19.37	
0.46456	-11.25	
0.46591	-11.87	
0.46591	-20	
0.46727	-19.37	
0.46727	-9.998	
0.46862	-12.5	
0.46862	-22.5	
0.46997	-18.75	
0.46997	-9.998	
0.47132	-11.87	
0.47132	-18.12	
0.47268	-18.75	
0.47268	-11.87	
0.47404	-9.998	
0.47404	-19.37	
0.47539	-19.37	
0.47539	-11.87	
0.47674	-10.62	
0.47674	-20	
0.4781	-18.12	
0.4781	-11.25	
0.47945	-11.87	
0.47945	-20.62	
0.48081	-20.62	
0.48081	-11.25	
0.48216	-11.87	
0.48216	-19.37	
0.48351	-19.37	
0.48351	-12.5	
0.48487	-10.62	
0.48487	-18.75	
0.48623	-19.37	
0.48623	-11.25	
0.48758	-9.998	
0.48758	-19.37	
0.48893	-20	
0.48893	-11.87	
0.49028	-12.5	
0.49028	-19.37	
0.49164	-19.37	
0.49164	-13.12	
0.49299	-11.87	
0.49299	-18.75	
0.49435	-19.37	
0.49435	-11.25	
0.49571	-10.62	
0.49571	-20	
0.49706	-19.37	
0.49706	-11.25	
0.49841	-11.87	
0.49841	-20	
0.49977	-18.75	
0.49977	-11.87	
0.50112	-11.87	
0.50112	-18.75	
0.50248	-18.75	
0.50248	-12.5	
0.50383	-11.87	
0.50383	-18.75	
0.50518	-19.37	
0.50518	-12.5	
0.50654	-9.998	
0.50654	-20	
0.50789	-20	
0.50789	-11.25	
0.50925	-11.87	
0.50925	-18.75	
0.5106	-18.75	
0.5106	-12.5	
0.51196	-9.998	
0.51196	-18.75	
0.51331	-19.37	
0.51331	-11.25	
0.51467	-9.998	
0.51467	-19.37	
0.51602	-19.37	
0.51602	-11.25	
0.51737	-11.87	
0.51737	-18.75	
0.51872	-19.37	
0.51872	-9.373	
0.52008	-11.87	
0.52008	-19.37	
0.52144	-18.75	
0.52144	-11.87	
0.52279	-11.87	
0.52279	-19.37	
0.52414	-21.25	
0.52414	-12.5	
0.5255	-9.373	
0.5255	-18.75	
0.52685	-20.62	
0.52685	-12.5	
0.5282	-11.87	
0.5282	-18.75	
0.52956	-18.12	
0.52956	-8.747	
0.53092	-12.5	
0.53092	-20.62	
0.53227	-18.75	
0.53227	-11.87	
0.53363	-11.87	
0.53363	-19.37	
0.53498	-20	
0.53498	-11.87	
0.53633	-11.87	
0.53633	-21.25	
0.53769	-18.75	
0.53769	-11.87	
0.53904	-11.25	
0.53904	-20	
0.5404	-19.37	
0.5404	-11.87	
0.54175	-12.5	
0.54175	-18.75	
0.5431	-17.5	
0.5431	-11.87	
0.54446	-12.5	
0.54446	-21.25	
0.54581	-19.37	
0.54581	-11.87	
0.54717	-12.5	
0.54717	-18.75	
0.54852	-19.37	
0.54852	-11.25	
0.54988	-11.87	
0.54988	-19.37	
0.55123	-19.37	
0.55123	-11.87	
0.55259	-13.12	
0.55259	-18.12	
0.55394	-19.37	
0.55394	-11.87	
0.55529	-11.87	
0.55529	-19.37	
0.55664	-19.37	
0.55664	-12.5	
0.558	-13.12	
0.558	-19.37	
0.55936	-19.37	
0.55936	-10.62	
0.56071	-12.5	
0.56071	-18.75	
0.56207	-18.75	
0.56207	-12.5	
0.56342	-12.5	
0.56342	-18.75	
0.56477	-19.37	
0.56477	-12.5	
0.56613	-11.25	
0.56613	-23.12	
0.56748	-21.87	
0.56748	-12.5	
0.56884	-11.87	
0.56884	-18.75	
0.57019	-20.62	
0.57019	-11.25	
0.57155	-12.5	
0.57155	-19.37	
0.5729	-21.25	
0.5729	-12.5	
0.57426	-9.998	
0.57426	-19.37	
0.57561	-21.25	
0.57561	-12.5	
0.57696	-11.87	
0.57696	-19.37	
0.57832	-19.37	
0.57832	-12.5	
0.57967	-11.87	
0.57967	-20.62	
0.58103	-18.75	
0.58103	-11.87	
0.58238	-13.12	
0.58238	-18.75	
0.58373	-19.37	
0.58373	-13.12	
0.58509	-11.25	
0.58509	-20	
0.58644	-20	
0.58644	-11.25	
0.5878	-13.12	
0.5878	-19.37	
0.58915	-20.62	
0.58915	-11.87	
0.59051	-12.5	
0.59051	-20	
0.59186	-21.25	
0.59186	-12.5	
0.59321	-11.87	
0.59321	-18.75	
0.59457	-21.87	
0.59457	-11.87	
0.59592	-12.5	
0.59592	-19.37	
0.59728	-19.37	
0.59728	-11.87	
0.59863	-11.87	
0.59863	-21.87	
0.59999	-20.62	
0.59999	-11.87	
0.60134	-11.87	
0.60134	-19.37	
0.60269	-21.25	
0.60269	-13.75	
0.60405	-11.25	
0.60405	-19.37	
0.6054	-20	
0.6054	-12.5	
0.60676	-11.87	
0.60676	-19.37	
0.60811	-20	
0.60811	-12.5	
0.60947	-12.5	
0.60947	-21.25	
0.61082	-20	
0.61082	-9.373	
0.61217	-13.12	
0.61217	-21.25	
0.61353	-19.37	
0.61353	-13.75	
0.61488	-11.87	
0.61488	-19.37	
0.61624	-21.25	
0.61624	-11.87	
0.61759	-11.87	
0.61759	-20	
0.61895	-19.37	
0.61895	-13.12	
0.6203	-11.25	
0.6203	-19.37	
0.62165	-19.37	
0.62165	-13.75	
0.62301	-12.5	
0.62301	-18.75	
0.62436	-21.25	
0.62436	-12.5	
0.62572	-11.25	
0.62572	-20	
0.62707	-20.62	
0.62707	-12.5	
0.62843	-11.25	
0.62843	-19.37	
0.62978	-21.87	
0.62978	-8.747	
0.63114	-13.12	
0.63114	-19.37	
0.63249	-18.75	
0.63249	-11.87	
0.63384	-13.75	
0.63384	-20	
0.6352	-21.25	
0.6352	-12.5	
0.63655	-11.25	
0.63655	-19.37	
0.63791	-19.37	
0.63791	-11.25	
0.63926	-11.25	
0.63926	-19.37	
0.64062	-21.25	
0.64062	-12.5	
0.64197	-13.12	
0.64197	-21.87	
0.64332	-18.75	
0.64332	-13.12	
0.64467	-12.5	
0.64467	-19.37	
0.64603	-21.25	
0.64603	-11.25	
0.64739	-12.5	
0.64739	-20	
0.64874	-21.25	
0.64874	-11.87	
0.65009	-11.87	
0.65009	-20	
0.65145	-19.37	
0.65145	-13.75	
0.6528	-11.87	
0.6528	-18.75	
0.65416	-19.37	
0.65416	-9.998	
0.65551	-11.87	
0.65551	-19.37	
0.65687	-21.87	
0.65687	-10.62	
0.65822	-13.12	
0.65822	-20	
0.65957	-20	
0.65957	-12.5	
0.66093	-13.75	
0.66093	-21.25	
0.66228	-18.75	
0.66228	-12.5	
0.66364	-12.5	
0.66364	-18.75	
0.66499	-19.37	
0.66499	-12.5	
0.66635	-11.87	
0.66635	-20	
0.6677	-19.37	
0.6677	-12.5	
0.66906	-10.62	
0.66906	-20.62	
0.67041	-18.75	
0.67041	-11.87	
0.67176	-12.5	
0.67176	-21.25	
0.67312	-18.75	
0.67312	-12.5	
0.67447	-12.5	
0.67447	-20	
0.67582	-20	
0.67582	-12.5	
0.67718	-13.12	
0.67718	-20	
0.67853	-20	
0.67853	-13.12	
0.67989	-11.87	
0.67989	-19.37	
0.68124	-19.37	
0.68124	-11.87	
0.6826	-13.75	
0.6826	-18.75	
0.68395	-21.87	
0.68395	-12.5	
0.6853	-11.25	
0.6853	-20	
0.68666	-19.37	
0.68666	-11.87	
0.68801	-12.5	
0.68801	-19.37	
0.68937	-22.5	
0.68937	-11.25	
0.69072	-12.5	
0.69072	-20	
0.69208	-20.62	
0.69208	-11.87	
0.69343	-12.5	
0.69343	-19.37	
0.69478	-19.37	
0.69478	-11.87	
0.69614	-13.12	
0.69614	-22.5	
0.6975	-19.37	
0.6975	-11.87	
0.69885	-12.5	
0.69885	-20	
0.7002	-21.87	
0.7002	-11.87	
0.70156	-13.75	
0.70156	-19.37	
0.70291	-18.75	
0.70291	-12.5	
0.70426	-13.12	
0.70426	-19.37	
0.70562	-20.62	
0.70562	-13.12	
0.70698	-13.12	
0.70698	-20.62	
0.70833	-20.62	
0.70833	-12.5	
0.70968	-11.87	
0.70968	-19.37	
0.71104	-18.75	
0.71104	-12.5	
0.71239	-12.5	
0.71239	-16.87	
0.71374	-19.37	
0.71374	-13.75	
0.7151	-12.5	
0.7151	-21.87	
0.71645	-20	
0.71645	-13.12	
0.71781	-13.12	
0.71781	-19.37	
0.71916	-20.62	
0.71916	-11.87	
0.72052	-11.87	
0.72052	-19.37	
0.72187	-20	
0.72187	-9.998	
0.72322	-9.998	
0.72322	-21.25	
0.72458	-21.87	
0.72458	-11.25	
0.72594	-11.87	
0.72594	-20	
0.72729	-20.62	
0.72729	-11.87	
0.72864	-12.5	
0.72864	-21.87	
0.73	-19.37	
0.73	-12.5	
0.73135	-13.75	
0.73135	-18.75	
0.7327	-19.37	
0.7327	-13.12	
0.73406	-13.12	
0.73406	-18.75	
0.73541	-21.25	
0.73541	-11.25	
0.73677	-12.5	
0.73677	-20	
0.73812	-19.37	
0.73812	-12.5	
0.73948	-11.87	
0.73948	-22.5	
0.74083	-20	
0.74083	-12.5	
0.74218	-11.87	
0.74218	-21.25	
0.74354	-19.37	
0.74354	-12.5	
0.74489	-12.5	
0.74489	-21.87	
0.74625	-21.25	
0.74625	-9.373	
0.7476	-11.87	
0.7476	-18.12	
0.74896	-20.62	
0.74896	-11.25	
0.75031	-11.87	
0.75031	-24.37	
0.75166	-19.37	
0.75166	-11.87	
0.75302	-11.87	
0.75302	-18.75	
0.75437	-19.37	
0.75437	-13.12	
0.75573	-13.12	
0.75573	-20	
0.75708	-20	
0.75708	-10.62	
0.75844	-11.87	
0.75844	-19.37	
0.75979	-21.87	
0.75979	-12.5	
0.76114	-11.87	
0.76114	-19.37	
0.7625	-19.37	
0.7625	-12.5	
0.76385	-11.87	
0.76385	-19.37	
0.76521	-20	
0.76521	-11.87	
0.76656	-12.5	
0.76656	-20	
0.76792	-21.25	
0.76792	-11.87	
0.76927	-12.5	
0.76927	-18.75	
0.77062	-18.75	
0.77062	-11.25	
0.77198	-12.5	
0.77198	-19.37	
0.77333	-21.25	
0.77333	-11.87	
0.77469	-11.87	
0.77469	-19.37	
0.77604	-20	
0.77604	-13.12	
0.7774	-13.12	
0.7774	-20	
0.77875	-20	
0.77875	-12.5	
0.7801	-11.25	
0.7801	-20	
0.78146	-19.37	
0.78146	-13.75	
0.78282	-11.25	
0.78282	-18.75	
0.78417	-20	
0.78417	-12.5	
0.78552	-13.12	
0.78552	-20.62	
0.78688	-18.12	
0.78688	-11.87	
0.78823	-13.12	
0.78823	-20	
0.78958	-20.62	
0.78958	-10.62	
0.79094	-12.5	
0.79094	-19.37	
0.7923	-19.37	
0.7923	-12.5	
0.79365	-13.75	
0.79365	-18.75	
0.795	-21.87	
0.795	-13.12	
0.79636	-12.5	
0.79636	-22.5	
0.79771	-20	
0.79771	-12.5	
0.79907	-11.87	
0.79907	-19.37	
0.80042	-19.37	
0.80042	-11.87	
0.80177	-11.87	
0.80177	-19.37	
0.80313	-20	
0.80313	-11.87	
0.80448	-12.5	
0.80448	-21.25	
0.80584	-20	
0.80584	-13.12	
0.80719	-9.998	
0.80719	-21.25	
0.80854	-21.25	
0.80854	-11.87	
0.8099	-10.62	
0.8099	-20.62	
0.81125	-19.37	
0.81125	-12.5	
0.81261	-12.5	
0.81261	-19.37	
0.81396	-21.25	
0.81396	-11.87	
0.81531	-11.87	
0.81531	-21.25	
0.81667	-20	
0.81667	-10.62	
0.81803	-13.12	
0.81803	-19.37	
0.81938	-23.12	
0.81938	-11.87	
0.82074	-11.87	
0.82074	-19.37	
0.82209	-19.37	
0.82209	-13.75	
0.82344	-13.12	
0.82344	-19.37	
0.82479	-22.5	
0.82479	-13.75	
0.82615	-11.87	
0.82615	-20	
0.8275	-20	
0.8275	-11.25	
0.82886	-10.62	
0.82886	-19.37	
0.83021	-21.25	
0.83021	-11.87	
0.83157	-12.5	
0.83157	-20	
0.83293	-20.62	
0.83293	-13.75	
0.83428	-13.12	
0.83428	-19.37	
0.83563	-18.75	
0.83563	-12.5	
0.83699	-13.12	
0.83699	-19.37	
0.83834	-20	
0.83834	-12.5	
0.83969	-12.5	
0.83969	-18.75	
0.84105	-18.12	
0.84105	-11.87	
0.84241	-11.87	
0.84241	-20	
0.84376	-21.87	
0.84376	-13.12	
0.84511	-11.87	
0.84511	-21.87	
0.84646	-20	
0.84646	-12.5	
0.84782	-11.25	
0.84782	-20	
0.84918	-19.37	
0.84918	-11.25	
0.85053	-13.12	
0.85053	-19.37	
0.85189	-21.25	
0.85189	-11.87	
0.85324	-12.5	
0.85324	-20.62	
0.85459	-19.37	
0.85459	-11.25	
0.85595	-13.12	
0.85595	-19.37	
0.8573	-19.37	
0.8573	-11.25	
0.85866	-12.5	
0.85866	-18.75	
0.86001	-20	
0.86001	-11.87	
0.86136	-11.87	
0.86136	-18.75	
0.86272	-19.37	
0.86272	-13.12	
0.86407	-13.12	
0.86407	-20	
0.86543	-20	
0.86543	-11.87	
0.86678	-13.75	
0.86678	-20.62	
0.86813	-21.25	
0.86813	-11.87	
0.86949	-11.87	
0.86949	-23.12	
0.87085	-20.62	
0.87085	-12.5	
0.8722	-12.5	
0.8722	-19.37	
0.87355	-19.37	
0.87355	-13.12	
0.87491	-11.87	
0.87491	-18.75	
0.87626	-21.25	
0.87626	-11.87	
0.87762	-12.5	
0.87762	-20	
0.87897	-21.25	
0.87897	-11.87	
0.88032	-6.248	
0.88032	-21.25	
0.88168	-19.37	
0.88168	-13.12	
0.88303	-12.5	
0.88303	-18.75	
0.88439	-18.75	
0.88439	-11.87	
0.88574	-12.5	
0.88574	-19.37	
0.88709	-20	
0.88709	-12.5	
0.88845	-10.62	
0.88845	-22.5	
0.88981	-23.75	
0.88981	-11.25	
0.89116	-11.87	
0.89116	-19.37	
0.89251	-20.62	
0.89251	-11.87	
0.89387	-12.5	
0.89387	-18.75	
0.89522	-19.37	
0.89522	-11.25	
0.89657	-12.5	
0.89657	-20	
0.89793	-20	
0.89793	-13.12	
0.89929	-11.87	
0.89929	-20	
0.90064	-20	
0.90064	-10.62	
0.90199	-13.12	
0.90199	-19.37	
0.90335	-18.75	
0.90335	-13.12	
0.9047	-11.87	
0.9047	-21.87	
0.90605	-19.37	
0.90605	-11.87	
0.90741	-13.75	
0.90741	-20	
0.90876	-20	
0.90876	-11.87	
0.91012	-11.25	
0.91012	-19.37	
0.91147	-19.37	
0.91147	-13.12	
0.91283	-12.5	
0.91283	-19.37	
0.91418	-19.37	
0.91418	-13.75	
0.91553	-13.12	
0.91553	-20.62	
0.91689	-19.37	
0.91689	-12.5	
0.91824	-13.75	
0.91824	-19.37	
0.9196	-21.25	
0.9196	-11.25	
0.92095	-11.87	
0.92095	-20	
0.92231	-18.75	
0.92231	-11.87	
0.92366	-11.87	
0.92366	-18.75	
0.92501	-19.37	
0.92501	-13.12	
0.92637	-12.5	
0.92637	-19.37	
0.92773	-20	
0.92773	-11.87	
0.92908	-11.87	
0.92908	-19.37	
0.93043	-20	
0.93043	-11.87	
0.93179	-12.5	
0.93179	-20.62	
0.93314	-19.37	
0.93314	-11.87	
0.9345	-11.25	
0.9345	-19.37	
0.93585	-21.87	
0.93585	-11.87	
0.93721	-11.87	
0.93721	-20	
0.93856	-21.25	
0.93856	-13.12	
0.93991	-11.87	
0.93991	-23.12	
0.94126	-21.25	
0.94126	-11.87	
0.94262	-12.5	
0.94262	-18.75	
0.94398	-21.25	
0.94398	-13.12	
0.94533	-11.25	
0.94533	-20	
0.94669	-19.37	
0.94669	-12.5	
0.94804	-11.87	
0.94804	-20	
0.94939	-20	
0.94939	-12.5	
0.95075	-11.87	
0.95075	-19.37	
0.9521	-19.37	
0.9521	-12.5	
0.95345	-11.87	
0.95345	-18.75	
0.95481	-19.37	
0.95481	-13.12	
0.95616	-13.12	
0.95616	-19.37	
0.95752	-20	
0.95752	-11.87	
0.95887	-12.5	
0.95887	-20	
0.96023	-18.75	
0.96023	-11.87	
0.96158	-11.87	
0.96158	-19.37	
0.96293	-19.37	
0.96293	-11.87	
0.96429	-10.62	
0.96429	-18.75	
0.96564	-19.37	
0.96564	-11.87	
0.967	-13.12	
0.967	-19.37	
0.96835	-20	
0.96835	-12.5	
0.96971	-11.87	
0.96971	-21.87	
0.97106	-21.87	
0.97106	-12.5	
0.97241	-11.25	
0.97241	-19.37	
0.97377	-21.25	
0.97377	-11.87	
0.97512	-11.87	
0.97512	-20	
0.97648	-21.25	
0.97648	-13.12	
0.97783	-11.87	
0.97783	-19.37	
0.97918	-20	
0.97918	-11.87	
0.98054	-11.87	
0.98054	-21.25	
0.98189	-19.37	
0.98189	-13.12	
0.98325	-11.87	
0.98325	-19.37	
0.98461	-20.62	
0.98461	-12.5	
0.98596	-11.25	
0.98596	-20	
0.98731	-20	
0.98731	-12.5	
0.98866	-11.25	
0.98866	-21.87	
0.99002	-20	
0.99002	-11.25	
0.99137	-12.5	
0.99137	-18.75	
0.99273	-20	
0.99273	-12.5	
0.99409	-11.87	
0.99409	-18.75	
0.99544	-21.25	
0.99544	-13.12	
0.99679	-13.12	
0.99679	-19.37	
0.99815	-21.25	
0.99815	-13.12	
0.9995	-11.25	
0.9995	-18.75	
1.00085	-19.37	
1.00085	-12.5	
1.00221	-12.5	
1.00221	-19.37	
1.00357	-19.37	
1.00357	-13.12	
1.00492	-12.5	
1.00492	-19.37	
1.00627	-20	
1.00627	-11.25	
1.00762	-11.87	
1.00762	-20	
1.00898	-20	
1.00898	-12.5	
1.01033	-11.87	
1.01033	-23.12	
1.01169	-19.37	
1.01169	-13.75	
1.01305	-11.87	
1.01305	-20	
1.0144	-20	
1.0144	-13.75	
1.01575	-13.12	
1.01575	-20	
1.0171	-21.87	
1.0171	-11.87	
1.01846	-12.5	
1.01846	-20.62	
1.01981	-21.25	
1.01981	-8.123	
1.02117	-13.75	
1.02117	-19.37	
1.02252	-19.37	
1.02252	-12.5	
1.02388	-11.87	
1.02388	-18.75	
1.02523	-20	
1.02523	-11.25	
1.02659	-11.87	
1.02659	-19.37	
1.02794	-22.5	
1.02794	-13.12	
1.02929	-12.5	
1.02929	-21.87	
1.03065	-20.62	
1.03065	-11.87	
1.03201	-11.87	
1.03201	-21.87	
1.03336	-19.37	
1.03336	-11.87	
1.03471	-13.12	
1.03471	-19.37	
1.03606	-20	
1.03606	-12.5	
1.03742	-13.12	
1.03742	-21.87	
1.03877	-20	
1.03877	-13.12	
1.04013	-9.998	
1.04013	-20	
1.04149	-21.25	
1.04149	-11.87	
1.04284	-12.5	
1.04284	-18.75	
1.0442	-19.37	
1.0442	-12.5	
1.04555	-11.25	
1.04555	-19.37	
1.0469	-29.38	
1.0469	-10.62	
1.04825	-13.12	
1.04825	-20	
1.04961	-19.37	
1.04961	-11.87	
1.05097	-12.5	
1.05097	-20.62	
1.05232	-18.75	
1.05232	-13.12	
1.05368	-11.87	
1.05368	-18.75	
1.05503	-18.75	
1.05503	-13.12	
1.05638	-13.12	
1.05638	-21.87	
1.05773	-20	
1.05773	-12.5	
1.05909	-11.87	
1.05909	-21.87	
1.06045	-21.87	
1.06045	-11.25	
1.0618	-11.87	
1.0618	-21.87	
1.06316	-18.75	
1.06316	-13.12	
1.06451	-13.12	
1.06451	-20.62	
1.06586	-21.25	
1.06586	-11.87	
1.06721	-13.75	
1.06721	-20	
1.06857	-20	
1.06857	-11.25	
1.06993	-12.5	
1.06993	-21.25	
1.07128	-20	
1.07128	-12.5	
1.07263	-13.75	
1.07263	-19.37	
1.07399	-21.25	
1.07399	-11.87	
1.07534	-11.87	
1.07534	-19.37	
1.0767	-20	
1.0767	-13.75	
1.07805	-11.87	
1.07805	-20	
1.0794	-21.25	
1.0794	-11.87	
1.08076	-11.87	
1.08076	-21.87	
1.08211	-18.75	
1.08211	-13.75	
1.08347	-9.998	
1.08347	-21.87	
1.08482	-21.25	
1.08482	-12.5	
1.08617	-11.87	
1.08617	-20	
1.08753	-20.62	
1.08753	-11.25	
1.08889	-11.87	
1.08889	-21.87	
1.09024	-20.62	
1.09024	-13.12	
1.09159	-11.87	
1.09159	-19.37	
1.09295	-21.87	
1.09295	-13.75	
1.0943	-12.5	
1.0943	-18.75	
1.09565	-21.25	
1.09565	-12.5	
1.09701	-13.12	
1.09701	-22.5	
1.09837	-19.37	
1.09837	-10.62	
1.09972	-8.747	
1.09972	-21.25	
1.10108	-20.62	
1.10108	-12.5	
1.10243	-12.5	
1.10243	-21.25	
1.10378	-28.75	
1.10378	-9.373	
1.10513	-12.5	
1.10513	-19.37	
1.10649	-21.25	
1.10649	-11.87	
1.10784	-11.25	
1.10784	-21.87	
1.1092	-20	
1.1092	-11.87	
1.11056	-11.25	
1.11056	-21.87	
1.11191	-20.62	
1.11191	-11.87	
1.11326	-11.87	
1.11326	-19.37	
1.11461	-20.62	
1.11461	-11.87	
1.11597	-11.25	
1.11597	-20	
1.11733	-21.87	
1.11733	-11.87	
1.11868	-13.12	
1.11868	-21.87	
1.12004	-21.25	
1.12004	-11.87	
1.12139	-12.5	
1.12139	-19.37	
1.12274	-21.25	
1.12274	-13.12	
1.1241	-12.5	
1.1241	-21.87	
1.12545	-21.25	
1.12545	-12.5	
1.12681	-12.5	
1.12681	-21.87	
1.12816	-20.62	
1.12816	-11.87	
1.12952	-11.87	
1.12952	-20.62	
1.13087	-18.75	
1.13087	-12.5	
1.13222	-12.5	
1.13222	-20	
1.13357	-19.37	
1.13357	-13.75	
1.13493	-11.87	
1.13493	-22.5	
1.13629	-19.37	
1.13629	-11.87	
1.13764	-13.75	
1.13764	-19.37	
1.13899	-20.62	
1.13899	-12.5	
1.14035	-10.62	
1.14035	-19.37	
1.1417	-21.87	
1.1417	-14.37	
1.14306	-13.75	
1.14306	-22.5	
1.14441	-19.37	
1.14441	-11.87	
1.14576	-10.62	
1.14576	-20.62	
1.14712	-20	
1.14712	-11.25	
1.14847	-11.87	
1.14847	-20.62	
1.14983	-19.37	
1.14983	-9.373	
1.15118	-13.75	
1.15118	-21.87	
1.15253	-19.37	
1.15253	-13.12	
1.15389	-12.5	
1.15389	-19.37	
1.15525	-21.25	
1.15525	-11.25	
1.1566	-12.5	
1.1566	-19.37	
1.15795	-19.37	
1.15795	-11.87	
1.15931	-12.5	
1.15931	-20.62	
1.15999	-15	
